-5.0000,1.5422,2.2931
-4.9394,1.5077,2.2325
-4.8788,1.5645,2.1719
-4.8182,1.5975,2.1113
-4.7576,1.5129,2.0507
-4.6970,1.6566,1.9901
-4.6364,1.4980,1.9295
-4.5758,1.6091,1.8689
-4.5152,1.5382,1.8083
-4.4545,1.4458,1.7476
-4.3939,1.4466,1.6870
-4.3333,1.4531,1.6264
-4.2727,1.5033,1.5658
-4.2121,1.3996,1.5052
-4.1515,1.3508,1.4446
-4.0909,1.3636,1.3840
-4.0303,1.3043,1.3234
-3.9697,1.1799,1.2628
-3.9091,1.1373,1.2022
-3.8485,1.0871,1.1416
-3.7879,1.0700,1.0810
-3.7273,0.9481,1.0204
-3.6667,0.9335,0.9598
-3.6061,0.8556,0.8992
-3.5455,0.7432,0.8386
-3.4848,0.7775,0.7780
-3.4242,0.7321,0.7173
-3.3636,0.6381,0.6567
-3.3030,0.6099,0.5961
-3.2424,0.5785,0.5355
-3.1818,0.4374,0.4749
-3.1212,0.4837,0.4143
-3.0606,0.3242,0.3537
-3.0000,0.2576,0.2931
-2.9394,0.1900,0.2325
-2.8788,0.1825,0.1719
-2.8182,0.1085,0.1113
-2.7576,-0.0277,0.0507
-2.6970,0.0437,-0.0099
-2.6364,-0.0014,-0.0705
-2.5758,-0.1163,-0.1311
-2.5152,-0.2155,-0.1917
-2.4545,-0.1795,-0.2524
-2.3939,-0.3485,-0.3130
-2.3333,-0.3404,-0.3736
-2.2727,-0.4831,-0.4342
-2.2121,-0.4933,-0.4948
-2.1515,-0.5530,-0.5554
-2.0909,-0.6180,-0.6160
-2.0303,-0.6062,-0.6766
-1.9697,-0.7485,-0.7372
-1.9091,-0.9005,-0.7978
-1.8485,-0.9187,-0.8584
-1.7879,-0.9490,-0.9190
-1.7273,-1.0220,-0.9796
-1.6667,-1.0505,-1.0402
-1.6061,-1.1503,-1.1008
-1.5455,-1.2412,-1.1614
-1.4848,-1.3303,-1.2220
-1.4242,-1.3567,-1.2827
-1.3636,-1.4469,-1.3433
-1.3030,-1.5197,-1.4039
-1.2424,-1.4913,-1.4645
-1.1818,-1.6420,-1.5251
-1.1212,-1.6814,-1.5857
-1.0606,-1.7764,-1.6463
-1.0000,-1.8155,-1.7069
-0.9394,-1.7959,-1.7675
-0.8788,-1.9511,-1.8281
-0.8182,-2.0515,-1.8887
-0.7576,-2.1719,-1.9493
-0.6970,-2.2780,-2.0099
-0.6364,-2.4364,-2.0705
-0.5758,-2.4803,-2.1311
-0.5152,-2.5241,-2.1917
-0.4545,-2.6593,-2.2524
-0.3939,-2.8308,-2.3130
-0.3333,-2.9180,-2.3736
-0.2727,-3.1095,-2.4342
-0.2121,-3.3245,-2.4948
-0.1515,-3.4383,-2.5554
-0.0909,-3.6251,-2.6160
-0.0303,-3.7125,-2.6766
0.0303,-3.7833,-2.7372
0.0909,-3.8328,-2.7978
0.1515,-3.9697,-2.8584
0.2121,-4.2278,-2.9190
0.2727,-4.2287,-2.9796
0.3333,-4.3054,-3.0402
0.3939,-4.4505,-3.1008
0.4545,-4.6633,-3.1614
0.5152,-4.6384,-3.2220
0.5758,-4.9362,-3.2827
0.6364,-4.9571,-3.3433
0.6970,-5.1095,-3.4039
0.7576,-5.2168,-3.4645
0.8182,-5.4157,-3.5251
0.8788,-5.4718,-3.5857
0.9394,-5.5481,-3.6463
1.0000,-5.7663,-3.7069
